0.010000       9.90099010e+00       1.00000000e+01       9.90099010e-02
0.015000       8.04430129e+00       8.16496581e+00       1.20664519e-01
0.020000       6.93241942e+00       7.07106781e+00       1.38648388e-01
0.025000       6.17029787e+00       6.32455532e+00       1.54257447e-01
0.030000       5.60534242e+00       5.77350269e+00       1.68160273e-01
0.035000       5.16446844e+00       5.34522484e+00       1.80756395e-01
0.040000       4.80769231e+00       5.00000000e+00       1.92307692e-01
0.045000       4.51104805e+00       4.71404521e+00       2.02997162e-01
0.050000       4.25917710e+00       4.47213595e+00       2.12958855e-01
0.055000       4.04171974e+00       4.26401433e+00       2.22294586e-01
0.060000       3.85139897e+00       4.08248290e+00       2.31083938e-01
0.065000       3.68293212e+00       3.92232270e+00       2.39390587e-01
0.070000       3.53237825e+00       3.77964473e+00       2.47266478e-01
0.075000       3.39672904e+00       3.65148372e+00       2.54754678e-01
0.080000       3.27364251e+00       3.53553391e+00       2.61891400e-01
0.085000       3.16126424e+00       3.42997170e+00       2.68707461e-01
0.090000       3.05810398e+00       3.33333333e+00       2.75229358e-01
0.095000       2.96294833e+00       3.24442842e+00       2.81480091e-01
0.100000       2.87479787e+00       3.16227766e+00       2.87479787e-01
0.105000       2.79282081e+00       3.08606700e+00       2.93246185e-01
0.110000       2.71631842e+00       3.01511345e+00       2.98795026e-01
0.115000       2.64469877e+00       2.94883912e+00       3.04140358e-01
0.120000       2.57745656e+00       2.88675135e+00       3.09294787e-01
0.125000       2.51415744e+00       2.82842712e+00       3.14269681e-01
0.130000       2.45442565e+00       2.77350098e+00       3.19075334e-01
0.135000       2.39793416e+00       2.72165527e+00       3.23721111e-01
0.140000       2.34439686e+00       2.67261242e+00       3.28215560e-01
0.145000       2.29356215e+00       2.62612866e+00       3.32566511e-01
0.150000       2.24520774e+00       2.58198890e+00       3.36781161e-01
0.155000       2.19913640e+00       2.54000254e+00       3.40866142e-01
0.160000       2.15517241e+00       2.50000000e+00       3.44827586e-01
0.165000       2.11315864e+00       2.46182982e+00       3.48671176e-01
0.170000       2.07295406e+00       2.42535625e+00       3.52402190e-01
0.175000       2.03443168e+00       2.39045722e+00       3.56025543e-01
0.180000       1.99747678e+00       2.35702260e+00       3.59545821e-01
0.185000       1.96198546e+00       2.32495277e+00       3.62967311e-01
0.190000       1.92786331e+00       2.29415734e+00       3.66294029e-01
0.195000       1.89502432e+00       2.26455407e+00       3.69529743e-01
0.200000       1.86338998e+00       2.23606798e+00       3.72677996e-01
0.205000       1.83288840e+00       2.20863052e+00       3.75742122e-01
0.210000       1.80345364e+00       2.18217890e+00       3.78725264e-01
0.215000       1.77502507e+00       2.15665546e+00       3.81630391e-01
0.220000       1.74754686e+00       2.13200716e+00       3.84460308e-01
0.225000       1.72096743e+00       2.10818511e+00       3.87217673e-01
0.230000       1.69523914e+00       2.08514414e+00       3.89905002e-01
0.235000       1.67031781e+00       2.06284249e+00       3.92524685e-01
0.240000       1.64616246e+00       2.04124145e+00       3.95078991e-01
0.245000       1.62273501e+00       2.02030509e+00       3.97570078e-01
0.250000       1.60000000e+00       2.00000000e+00       4.00000000e-01
0.255000       1.57792437e+00       1.98029509e+00       4.02370715e-01
0.260000       1.55647726e+00       1.96116135e+00       4.04684088e-01
0.265000       1.53562982e+00       1.94257172e+00       4.06941903e-01
0.270000       1.51535504e+00       1.92450090e+00       4.09145860e-01
0.275000       1.49562759e+00       1.90692518e+00       4.11297588e-01
0.280000       1.47642372e+00       1.88982237e+00       4.13398642e-01
0.285000       1.45772111e+00       1.87317162e+00       4.15450516e-01
0.290000       1.43949875e+00       1.85695338e+00       4.17454636e-01
0.295000       1.42173686e+00       1.84114924e+00       4.19412374e-01
0.300000       1.40441681e+00       1.82574186e+00       4.21325044e-01
0.305000       1.38752101e+00       1.81071492e+00       4.23193909e-01
0.310000       1.37103284e+00       1.79605302e+00       4.25020180e-01
0.315000       1.35493659e+00       1.78174161e+00       4.26805025e-01
0.320000       1.33921739e+00       1.76776695e+00       4.28549564e-01
0.325000       1.32386116e+00       1.75411604e+00       4.30254877e-01
0.330000       1.30885456e+00       1.74077656e+00       4.31922003e-01
0.335000       1.29418491e+00       1.72773685e+00       4.33551944e-01
0.340000       1.27984019e+00       1.71498585e+00       4.35145664e-01
0.345000       1.26580897e+00       1.70251306e+00       4.36704094e-01
0.350000       1.25208038e+00       1.69030851e+00       4.38228132e-01
0.355000       1.23864407e+00       1.67836272e+00       4.39718645e-01
0.360000       1.22549020e+00       1.66666667e+00       4.41176471e-01
0.365000       1.21260936e+00       1.65521178e+00       4.42602417e-01
0.370000       1.19999261e+00       1.64398987e+00       4.43997265e-01
0.375000       1.18763139e+00       1.63299316e+00       4.45361771e-01
0.380000       1.17551754e+00       1.62221421e+00       4.46696667e-01
0.385000       1.16364327e+00       1.61164593e+00       4.48002659e-01
0.390000       1.15200111e+00       1.60128154e+00       4.49280432e-01
0.395000       1.14058392e+00       1.59111457e+00       4.50530648e-01
0.400000       1.12938488e+00       1.58113883e+00       4.51753951e-01
0.405000       1.11839744e+00       1.57134840e+00       4.52950963e-01
0.410000       1.10761533e+00       1.56173762e+00       4.54122286e-01
0.415000       1.09703255e+00       1.55230105e+00       4.55268506e-01
0.420000       1.08664331e+00       1.54303350e+00       4.56390190e-01
0.425000       1.07644209e+00       1.53392998e+00       4.57487888e-01
0.430000       1.06642357e+00       1.52498570e+00       4.58562135e-01
0.435000       1.05658264e+00       1.51619609e+00       4.59613448e-01
0.440000       1.04691439e+00       1.50755672e+00       4.60642332e-01
0.445000       1.03741410e+00       1.49906338e+00       4.61649276e-01
0.450000       1.02807723e+00       1.49071198e+00       4.62634754e-01
0.455000       1.01889940e+00       1.48249863e+00       4.63599229e-01
0.460000       1.00987641e+00       1.47441956e+00       4.64543150e-01
0.465000       1.00100420e+00       1.46647115e+00       4.65466952e-01
0.470000       9.92278854e-01       1.45864991e+00       4.66371061e-01
0.475000       9.83696610e-01       1.45095250e+00       4.67255890e-01
0.480000       9.75253833e-01       1.44337567e+00       4.68121840e-01
0.485000       9.66947015e-01       1.43591632e+00       4.68969302e-01
0.490000       9.58772771e-01       1.42857143e+00       4.69798658e-01
0.495000       9.50727832e-01       1.42133811e+00       4.70610277e-01
0.500000       9.42809042e-01       1.41421356e+00       4.71404521e-01
0.505000       9.35013348e-01       1.40719509e+00       4.72181741e-01
0.510000       9.27337804e-01       1.40028008e+00       4.72942280e-01
0.515000       9.19779557e-01       1.39346603e+00       4.73686472e-01
0.520000       9.12335849e-01       1.38675049e+00       4.74414642e-01
0.525000       9.05004012e-01       1.38013112e+00       4.75127106e-01
0.530000       8.97781464e-01       1.37360564e+00       4.75824176e-01
0.535000       8.90665703e-01       1.36717185e+00       4.76506151e-01
0.540000       8.83654308e-01       1.36082763e+00       4.77173327e-01
0.545000       8.76744934e-01       1.35457092e+00       4.77825989e-01
0.550000       8.69935306e-01       1.34839972e+00       4.78464419e-01
0.555000       8.63223222e-01       1.34231211e+00       4.79088888e-01
0.560000       8.56606545e-01       1.33630621e+00       4.79699665e-01
0.565000       8.50083202e-01       1.33038021e+00       4.80297009e-01
0.570000       8.43651183e-01       1.32453236e+00       4.80881174e-01
0.575000       8.37308538e-01       1.31876095e+00       4.81452409e-01
0.580000       8.31053373e-01       1.31306433e+00       4.82010956e-01
0.585000       8.24883849e-01       1.30744090e+00       4.82557052e-01
0.590000       8.18798182e-01       1.30188911e+00       4.83090928e-01
0.595000       8.12794638e-01       1.29640745e+00       4.83612809e-01
0.600000       8.06871530e-01       1.29099445e+00       4.84122918e-01
0.605000       8.01027223e-01       1.28564869e+00       4.84621470e-01
0.610000       7.95260124e-01       1.28036880e+00       4.85108676e-01
0.615000       7.89568685e-01       1.27515343e+00       4.85584741e-01
0.620000       7.83951401e-01       1.27000127e+00       4.86049869e-01
0.625000       7.78406809e-01       1.26491106e+00       4.86504255e-01
0.630000       7.72933483e-01       1.25988158e+00       4.86948094e-01
0.635000       7.67530037e-01       1.25491161e+00       4.87381573e-01
0.640000       7.62195122e-01       1.25000000e+00       4.87804878e-01
0.645000       7.56927424e-01       1.24514561e+00       4.88218189e-01
0.650000       7.51725664e-01       1.24034735e+00       4.88621682e-01
0.655000       7.46588596e-01       1.23560413e+00       4.89015530e-01
0.660000       7.41515006e-01       1.23091491e+00       4.89399904e-01
0.665000       7.36503711e-01       1.22627868e+00       4.89774968e-01
0.670000       7.31553559e-01       1.22169444e+00       4.90140885e-01
0.675000       7.26663426e-01       1.21716124e+00       4.90497813e-01
0.680000       7.21832217e-01       1.21267813e+00       4.90845908e-01
0.685000       7.17058864e-01       1.20824419e+00       4.91185322e-01
0.690000       7.12342326e-01       1.20385853e+00       4.91516205e-01
0.695000       7.07681586e-01       1.19952029e+00       4.91838702e-01
0.700000       7.03075653e-01       1.19522861e+00       4.92152957e-01
0.705000       6.98523559e-01       1.19098267e+00       4.92459109e-01
0.710000       6.94024362e-01       1.18678166e+00       4.92757297e-01
0.715000       6.89577138e-01       1.18262479e+00       4.93047654e-01
0.720000       6.85180990e-01       1.17851130e+00       4.93330312e-01
0.725000       6.80835037e-01       1.17444044e+00       4.93605402e-01
0.730000       6.76538423e-01       1.17041147e+00       4.93873049e-01
0.735000       6.72290310e-01       1.16642369e+00       4.94133378e-01
0.740000       6.68089878e-01       1.16247639e+00       4.94386510e-01
0.745000       6.63936328e-01       1.15856889e+00       4.94632565e-01
0.750000       6.59828879e-01       1.15470054e+00       4.94871659e-01
0.755000       6.55766767e-01       1.15087068e+00       4.95103909e-01
0.760000       6.51749244e-01       1.14707867e+00       4.95329425e-01
0.765000       6.47775581e-01       1.14332390e+00       4.95548320e-01
0.770000       6.43845065e-01       1.13960576e+00       4.95760700e-01
0.775000       6.39956996e-01       1.13592367e+00       4.95966672e-01
0.780000       6.36110693e-01       1.13227703e+00       4.96166341e-01
0.785000       6.32305488e-01       1.12866530e+00       4.96359808e-01
0.790000       6.28540727e-01       1.12508790e+00       4.96547174e-01
0.795000       6.24815771e-01       1.12154431e+00       4.96728538e-01
0.800000       6.21129994e-01       1.11803399e+00       4.96903995e-01
0.805000       6.17482784e-01       1.11455643e+00       4.97073641e-01
0.810000       6.13873542e-01       1.11111111e+00       4.97237569e-01
0.815000       6.10301681e-01       1.10769755e+00       4.97395870e-01
0.820000       6.06766627e-01       1.10431526e+00       4.97548634e-01
0.825000       6.03267817e-01       1.10096377e+00       4.97695949e-01
0.830000       5.99804699e-01       1.09764260e+00       4.97837900e-01
0.835000       5.96376736e-01       1.09435131e+00       4.97974574e-01
0.840000       5.92983397e-01       1.09108945e+00       4.98106054e-01
0.845000       5.89624166e-01       1.08785659e+00       4.98232420e-01
0.850000       5.86298535e-01       1.08465229e+00       4.98353754e-01
0.855000       5.83006006e-01       1.08147614e+00       4.98470135e-01
0.860000       5.79746092e-01       1.07832773e+00       4.98581640e-01
0.865000       5.76518317e-01       1.07520666e+00       4.98688344e-01
0.870000       5.73322211e-01       1.07211253e+00       4.98790324e-01
0.875000       5.70157316e-01       1.06904497e+00       4.98887652e-01
0.880000       5.67023182e-01       1.06600358e+00       4.98980400e-01
0.885000       5.63919367e-01       1.06298801e+00       4.99068640e-01
0.890000       5.60845439e-01       1.05999788e+00       4.99152441e-01
0.895000       5.57800974e-01       1.05703285e+00       4.99231871e-01
0.900000       5.54785554e-01       1.05409255e+00       4.99306999e-01
0.905000       5.51798773e-01       1.05117666e+00       4.99377890e-01
0.910000       5.48840229e-01       1.04828484e+00       4.99444608e-01
0.915000       5.45909528e-01       1.04541675e+00       4.99507219e-01
0.920000       5.43006287e-01       1.04257207e+00       4.99565784e-01
0.925000       5.40130125e-01       1.03975049e+00       4.99620365e-01
0.930000       5.37280671e-01       1.03695169e+00       4.99671024e-01
0.935000       5.34457561e-01       1.03417538e+00       4.99717819e-01
0.940000       5.31660436e-01       1.03142125e+00       4.99760810e-01
0.945000       5.28888946e-01       1.02868900e+00       4.99800054e-01
0.950000       5.26142745e-01       1.02597835e+00       4.99835607e-01
0.955000       5.23421494e-01       1.02328902e+00       4.99867526e-01
0.960000       5.20724860e-01       1.02062073e+00       4.99895866e-01
0.965000       5.18052518e-01       1.01797320e+00       4.99920680e-01
0.970000       5.15404145e-01       1.01534617e+00       4.99942020e-01
0.975000       5.12779426e-01       1.01273937e+00       4.99959941e-01
0.980000       5.10178053e-01       1.01015254e+00       4.99974492e-01
0.985000       5.07599720e-01       1.00758544e+00       4.99985724e-01
0.990000       5.05044128e-01       1.00503782e+00       4.99993687e-01
0.995000       5.02510985e-01       1.00250941e+00       4.99998430e-01
1.000000       5.00000000e-01       1.00000000e+00       5.00000000e-01
